Matrix size 40 
1 2 3 4 5 6 7 8 9 1 2 3 4 5 6 7 8 9 6 5 1 2 3 4 5 6 7 8 9 1 2 3 4 5 6 7 8 9 6 5 
2 2 3 4 5 6 7 8 9 1 2 3 4 5 6 7 8 9 6 5 1 2 3 4 5 6 7 8 9 1 2 3 4 5 6 7 8 9 6 5 
3 2 3 4 5 6 7 8 9 1 2 3 4 5 6 7 8 9 6 5 1 2 3 4 5 6 7 8 9 1 2 3 4 5 6 7 8 9 6 5 
4 2 3 4 5 6 7 8 9 1 2 3 4 5 6 7 8 9 6 5 1 2 3 4 5 6 7 8 9 1 2 3 4 5 6 7 8 9 6 5 
5 2 3 4 5 6 7 8 9 1 2 3 4 5 6 7 8 9 6 5 1 2 3 4 5 6 7 8 9 1 2 3 4 5 6 7 8 9 6 5 
6 2 3 4 5 6 7 8 9 1 2 3 4 5 6 7 8 9 6 5 1 2 3 4 5 6 7 8 9 1 2 3 4 5 6 7 8 9 6 5 
7 2 3 4 5 6 7 8 9 1 2 3 4 5 6 7 8 9 6 5 1 2 3 4 5 6 7 8 9 1 2 3 4 5 6 7 8 9 6 5 
8 2 3 4 5 6 7 8 9 1 2 3 4 5 6 7 8 9 6 5 1 2 3 4 5 6 7 8 9 1 2 3 4 5 6 7 8 9 6 5 
9 2 3 4 5 6 7 8 9 1 2 3 4 5 6 7 8 9 6 5 1 2 3 4 5 6 7 8 9 1 2 3 4 5 6 7 8 9 6 5 
1 2 3 4 5 6 7 8 9 1 2 3 4 5 6 7 8 9 6 5 1 2 3 4 5 6 7 8 9 1 2 3 4 5 6 7 8 9 6 5 
2 2 3 4 5 6 7 8 9 1 2 3 4 5 6 7 8 9 6 5 1 2 3 4 5 6 7 8 9 1 2 3 4 5 6 7 8 9 6 5 
3 2 3 4 5 6 7 8 9 1 2 3 4 5 6 7 8 9 6 5 1 2 3 4 5 6 7 8 9 1 2 3 4 5 6 7 8 9 6 5 
4 2 3 4 5 6 7 8 9 1 2 3 4 5 6 7 8 9 6 5 1 2 3 4 5 6 7 8 9 1 2 3 4 5 6 7 8 9 6 5 
5 2 3 4 5 6 7 8 9 1 2 3 4 5 6 7 8 9 6 5 1 2 3 4 5 6 7 8 9 1 2 3 4 5 6 7 8 9 6 5 
6 2 3 4 5 6 7 8 9 1 2 3 4 5 6 7 8 9 6 5 1 2 3 4 5 6 7 8 9 1 2 3 4 5 6 7 8 9 6 5 
7 2 3 4 5 6 7 8 9 1 2 3 4 5 6 7 8 9 6 5 1 2 3 4 5 6 7 8 9 1 2 3 4 5 6 7 8 9 6 5 
8 2 3 4 5 6 7 8 9 1 2 3 4 5 6 7 8 9 6 5 1 2 3 4 5 6 7 8 9 1 2 3 4 5 6 7 8 9 6 5 
9 2 3 4 5 6 7 8 9 1 2 3 4 5 6 7 8 9 6 5 1 2 3 4 5 6 7 8 9 1 2 3 4 5 6 7 8 9 6 5 
8 2 3 4 5 6 7 8 9 1 2 3 4 5 6 7 8 9 6 5 1 2 3 4 5 6 7 8 9 1 2 3 4 5 6 7 8 9 6 5 
9 2 3 4 5 6 7 8 9 1 2 3 4 5 6 7 8 9 6 5 1 2 3 4 5 6 7 8 9 1 2 3 4 5 6 7 8 9 6 5 
1 2 3 4 5 6 7 8 9 1 2 3 4 5 6 7 8 9 6 5 1 2 3 4 5 6 7 8 9 1 2 3 4 5 6 7 8 9 6 5 
2 2 3 4 5 6 7 8 9 1 2 3 4 5 6 7 8 9 6 5 1 2 3 4 5 6 7 8 9 1 2 3 4 5 6 7 8 9 6 5 
3 2 3 4 5 6 7 8 9 1 2 3 4 5 6 7 8 9 6 5 1 2 3 4 5 6 7 8 9 1 2 3 4 5 6 7 8 9 6 5 
4 2 3 4 5 6 7 8 9 1 2 3 4 5 6 7 8 9 6 5 1 2 3 4 5 6 7 8 9 1 2 3 4 5 6 7 8 9 6 5 
5 2 3 4 5 6 7 8 9 1 2 3 4 5 6 7 8 9 6 5 1 2 3 4 5 6 7 8 9 1 2 3 4 5 6 7 8 9 6 5 
6 2 3 4 5 6 7 8 9 1 2 3 4 5 6 7 8 9 6 5 1 2 3 4 5 6 7 8 9 1 2 3 4 5 6 7 8 9 6 5 
7 2 3 4 5 6 7 8 9 1 2 3 4 5 6 7 8 9 6 5 1 2 3 4 5 6 7 8 9 1 2 3 4 5 6 7 8 9 6 5 
8 2 3 4 5 6 7 8 9 1 2 3 4 5 6 7 8 9 6 5 1 2 3 4 5 6 7 8 9 1 2 3 4 5 6 7 8 9 6 5 
9 2 3 4 5 6 7 8 9 1 2 3 4 5 6 7 8 9 6 5 1 2 3 4 5 6 7 8 9 1 2 3 4 5 6 7 8 9 6 5 
1 2 3 4 5 6 7 8 9 1 2 3 4 5 6 7 8 9 6 5 1 2 3 4 5 6 7 8 9 1 2 3 4 5 6 7 8 9 6 5 
2 2 3 4 5 6 7 8 9 1 2 3 4 5 6 7 8 9 6 5 1 2 3 4 5 6 7 8 9 1 2 3 4 5 6 7 8 9 6 5 
3 2 3 4 5 6 7 8 9 1 2 3 4 5 6 7 8 9 6 5 1 2 3 4 5 6 7 8 9 1 2 3 4 5 6 7 8 9 6 5 
4 2 3 4 5 6 7 8 9 1 2 3 4 5 6 7 8 9 6 5 1 2 3 4 5 6 7 8 9 1 2 3 4 5 6 7 8 9 6 5 
5 2 3 4 5 6 7 8 9 1 2 3 4 5 6 7 8 9 6 5 1 2 3 4 5 6 7 8 9 1 2 3 4 5 6 7 8 9 6 5 
6 2 3 4 5 6 7 8 9 1 2 3 4 5 6 7 8 9 6 5 1 2 3 4 5 6 7 8 9 1 2 3 4 5 6 7 8 9 6 5 
7 2 3 4 5 6 7 8 9 1 2 3 4 5 6 7 8 9 6 5 1 2 3 4 5 6 7 8 9 1 2 3 4 5 6 7 8 9 6 5 
8 2 3 4 5 6 7 8 9 1 2 3 4 5 6 7 8 9 6 5 1 2 3 4 5 6 7 8 9 1 2 3 4 5 6 7 8 9 6 5 
9 2 3 4 5 6 7 8 9 1 2 3 4 5 6 7 8 9 6 5 1 2 3 4 5 6 7 8 9 1 2 3 4 5 6 7 8 9 6 5 
8 2 3 4 5 6 7 8 9 1 2 3 4 5 6 7 8 9 6 5 1 2 3 4 5 6 7 8 9 1 2 3 4 5 6 7 8 9 6 5 
9 2 3 4 5 6 7 8 9 1 2 3 4 5 6 7 8 9 6 5 1 2 3 4 5 6 7 8 9 1 2 3 4 5 6 7 8 9 6 5 

1326 404 606 808 1010 1212 1414 1616 1818 202 404 606 808 1010 1212 1414 1616 1818 1212 1010 202 404 606 808 1010 1212 1414 1616 1818 202 404 606 808 1010 1212 1414 1616 1818 1212 1010 
1327 406 609 812 1015 1218 1421 1624 1827 203 406 609 812 1015 1218 1421 1624 1827 1218 1015 203 406 609 812 1015 1218 1421 1624 1827 203 406 609 812 1015 1218 1421 1624 1827 1218 1015 
1328 408 612 816 1020 1224 1428 1632 1836 204 408 612 816 1020 1224 1428 1632 1836 1224 1020 204 408 612 816 1020 1224 1428 1632 1836 204 408 612 816 1020 1224 1428 1632 1836 1224 1020 
1329 410 615 820 1025 1230 1435 1640 1845 205 410 615 820 1025 1230 1435 1640 1845 1230 1025 205 410 615 820 1025 1230 1435 1640 1845 205 410 615 820 1025 1230 1435 1640 1845 1230 1025 
1330 412 618 824 1030 1236 1442 1648 1854 206 412 618 824 1030 1236 1442 1648 1854 1236 1030 206 412 618 824 1030 1236 1442 1648 1854 206 412 618 824 1030 1236 1442 1648 1854 1236 1030 
1331 414 621 828 1035 1242 1449 1656 1863 207 414 621 828 1035 1242 1449 1656 1863 1242 1035 207 414 621 828 1035 1242 1449 1656 1863 207 414 621 828 1035 1242 1449 1656 1863 1242 1035 
1332 416 624 832 1040 1248 1456 1664 1872 208 416 624 832 1040 1248 1456 1664 1872 1248 1040 208 416 624 832 1040 1248 1456 1664 1872 208 416 624 832 1040 1248 1456 1664 1872 1248 1040 
1333 418 627 836 1045 1254 1463 1672 1881 209 418 627 836 1045 1254 1463 1672 1881 1254 1045 209 418 627 836 1045 1254 1463 1672 1881 209 418 627 836 1045 1254 1463 1672 1881 1254 1045 
1334 420 630 840 1050 1260 1470 1680 1890 210 420 630 840 1050 1260 1470 1680 1890 1260 1050 210 420 630 840 1050 1260 1470 1680 1890 210 420 630 840 1050 1260 1470 1680 1890 1260 1050 
1326 404 606 808 1010 1212 1414 1616 1818 202 404 606 808 1010 1212 1414 1616 1818 1212 1010 202 404 606 808 1010 1212 1414 1616 1818 202 404 606 808 1010 1212 1414 1616 1818 1212 1010 
1327 406 609 812 1015 1218 1421 1624 1827 203 406 609 812 1015 1218 1421 1624 1827 1218 1015 203 406 609 812 1015 1218 1421 1624 1827 203 406 609 812 1015 1218 1421 1624 1827 1218 1015 
1328 408 612 816 1020 1224 1428 1632 1836 204 408 612 816 1020 1224 1428 1632 1836 1224 1020 204 408 612 816 1020 1224 1428 1632 1836 204 408 612 816 1020 1224 1428 1632 1836 1224 1020 
1329 410 615 820 1025 1230 1435 1640 1845 205 410 615 820 1025 1230 1435 1640 1845 1230 1025 205 410 615 820 1025 1230 1435 1640 1845 205 410 615 820 1025 1230 1435 1640 1845 1230 1025 
1330 412 618 824 1030 1236 1442 1648 1854 206 412 618 824 1030 1236 1442 1648 1854 1236 1030 206 412 618 824 1030 1236 1442 1648 1854 206 412 618 824 1030 1236 1442 1648 1854 1236 1030 
1331 414 621 828 1035 1242 1449 1656 1863 207 414 621 828 1035 1242 1449 1656 1863 1242 1035 207 414 621 828 1035 1242 1449 1656 1863 207 414 621 828 1035 1242 1449 1656 1863 1242 1035 
1332 416 624 832 1040 1248 1456 1664 1872 208 416 624 832 1040 1248 1456 1664 1872 1248 1040 208 416 624 832 1040 1248 1456 1664 1872 208 416 624 832 1040 1248 1456 1664 1872 1248 1040 
1333 418 627 836 1045 1254 1463 1672 1881 209 418 627 836 1045 1254 1463 1672 1881 1254 1045 209 418 627 836 1045 1254 1463 1672 1881 209 418 627 836 1045 1254 1463 1672 1881 1254 1045 
1334 420 630 840 1050 1260 1470 1680 1890 210 420 630 840 1050 1260 1470 1680 1890 1260 1050 210 420 630 840 1050 1260 1470 1680 1890 210 420 630 840 1050 1260 1470 1680 1890 1260 1050 
1333 418 627 836 1045 1254 1463 1672 1881 209 418 627 836 1045 1254 1463 1672 1881 1254 1045 209 418 627 836 1045 1254 1463 1672 1881 209 418 627 836 1045 1254 1463 1672 1881 1254 1045 
1334 420 630 840 1050 1260 1470 1680 1890 210 420 630 840 1050 1260 1470 1680 1890 1260 1050 210 420 630 840 1050 1260 1470 1680 1890 210 420 630 840 1050 1260 1470 1680 1890 1260 1050 
1326 404 606 808 1010 1212 1414 1616 1818 202 404 606 808 1010 1212 1414 1616 1818 1212 1010 202 404 606 808 1010 1212 1414 1616 1818 202 404 606 808 1010 1212 1414 1616 1818 1212 1010 
1327 406 609 812 1015 1218 1421 1624 1827 203 406 609 812 1015 1218 1421 1624 1827 1218 1015 203 406 609 812 1015 1218 1421 1624 1827 203 406 609 812 1015 1218 1421 1624 1827 1218 1015 
1328 408 612 816 1020 1224 1428 1632 1836 204 408 612 816 1020 1224 1428 1632 1836 1224 1020 204 408 612 816 1020 1224 1428 1632 1836 204 408 612 816 1020 1224 1428 1632 1836 1224 1020 
1329 410 615 820 1025 1230 1435 1640 1845 205 410 615 820 1025 1230 1435 1640 1845 1230 1025 205 410 615 820 1025 1230 1435 1640 1845 205 410 615 820 1025 1230 1435 1640 1845 1230 1025 
1330 412 618 824 1030 1236 1442 1648 1854 206 412 618 824 1030 1236 1442 1648 1854 1236 1030 206 412 618 824 1030 1236 1442 1648 1854 206 412 618 824 1030 1236 1442 1648 1854 1236 1030 
1331 414 621 828 1035 1242 1449 1656 1863 207 414 621 828 1035 1242 1449 1656 1863 1242 1035 207 414 621 828 1035 1242 1449 1656 1863 207 414 621 828 1035 1242 1449 1656 1863 1242 1035 
1332 416 624 832 1040 1248 1456 1664 1872 208 416 624 832 1040 1248 1456 1664 1872 1248 1040 208 416 624 832 1040 1248 1456 1664 1872 208 416 624 832 1040 1248 1456 1664 1872 1248 1040 
1333 418 627 836 1045 1254 1463 1672 1881 209 418 627 836 1045 1254 1463 1672 1881 1254 1045 209 418 627 836 1045 1254 1463 1672 1881 209 418 627 836 1045 1254 1463 1672 1881 1254 1045 
1334 420 630 840 1050 1260 1470 1680 1890 210 420 630 840 1050 1260 1470 1680 1890 1260 1050 210 420 630 840 1050 1260 1470 1680 1890 210 420 630 840 1050 1260 1470 1680 1890 1260 1050 
1326 404 606 808 1010 1212 1414 1616 1818 202 404 606 808 1010 1212 1414 1616 1818 1212 1010 202 404 606 808 1010 1212 1414 1616 1818 202 404 606 808 1010 1212 1414 1616 1818 1212 1010 
1327 406 609 812 1015 1218 1421 1624 1827 203 406 609 812 1015 1218 1421 1624 1827 1218 1015 203 406 609 812 1015 1218 1421 1624 1827 203 406 609 812 1015 1218 1421 1624 1827 1218 1015 
1328 408 612 816 1020 1224 1428 1632 1836 204 408 612 816 1020 1224 1428 1632 1836 1224 1020 204 408 612 816 1020 1224 1428 1632 1836 204 408 612 816 1020 1224 1428 1632 1836 1224 1020 
1329 410 615 820 1025 1230 1435 1640 1845 205 410 615 820 1025 1230 1435 1640 1845 1230 1025 205 410 615 820 1025 1230 1435 1640 1845 205 410 615 820 1025 1230 1435 1640 1845 1230 1025 
1330 412 618 824 1030 1236 1442 1648 1854 206 412 618 824 1030 1236 1442 1648 1854 1236 1030 206 412 618 824 1030 1236 1442 1648 1854 206 412 618 824 1030 1236 1442 1648 1854 1236 1030 
1331 414 621 828 1035 1242 1449 1656 1863 207 414 621 828 1035 1242 1449 1656 1863 1242 1035 207 414 621 828 1035 1242 1449 1656 1863 207 414 621 828 1035 1242 1449 1656 1863 1242 1035 
1332 416 624 832 1040 1248 1456 1664 1872 208 416 624 832 1040 1248 1456 1664 1872 1248 1040 208 416 624 832 1040 1248 1456 1664 1872 208 416 624 832 1040 1248 1456 1664 1872 1248 1040 
1333 418 627 836 1045 1254 1463 1672 1881 209 418 627 836 1045 1254 1463 1672 1881 1254 1045 209 418 627 836 1045 1254 1463 1672 1881 209 418 627 836 1045 1254 1463 1672 1881 1254 1045 
1334 420 630 840 1050 1260 1470 1680 1890 210 420 630 840 1050 1260 1470 1680 1890 1260 1050 210 420 630 840 1050 1260 1470 1680 1890 210 420 630 840 1050 1260 1470 1680 1890 1260 1050 
1333 418 627 836 1045 1254 1463 1672 1881 209 418 627 836 1045 1254 1463 1672 1881 1254 1045 209 418 627 836 1045 1254 1463 1672 1881 209 418 627 836 1045 1254 1463 1672 1881 1254 1045 
1334 420 630 840 1050 1260 1470 1680 1890 210 420 630 840 1050 1260 1470 1680 1890 1260 1050 210 420 630 840 1050 1260 1470 1680 1890 210 420 630 840 1050 1260 1470 1680 1890 1260 1050 
